121458019	111
50002252	112
50001866	106
50017390	103
50088001	103
50019902	111
350712	102
50006484	104
50006487	115
50004390	105
50021208	102
50050230	102
50004817	119
50050260	117
210111	102
50020843	115
50014080	103
50012411	113
50005251	106
50016605	102
50016193	110
50005264	103
50012437	115
290902	106
50006988	117
50012453	118
50016643	118
50016644	120
50016647	107
50020028	119
50014562	114
50014563	107
121406004	113
50018752	106
50005731	106
50005735	117
50012481	107
50018762	114
50018764	114
50021746	103
50017070	109
50017072	110
121406024	117
50016682	114
50005759	107
50013314	113
50017095	104
50018790	118
50019618	104
50012940	117
50017529	118
121368037	116
50015434	112
50013343	105
50013349	114
50458017	119
50008700	105
50015458	120
50000347	117
50013370	108
50012989	117
50020553	107
50010022	118
50068003	115
50015494	113
50013818	113
50018400	113
50008759	102
50013824	111
50012138	103
50015922	106
50018418	103
290601	110
50007078	107
50012143	116
50024779	102
121390004	105
50020592	115
50014240	101
50015948	119
50022699	111
50021415	104
50003332	110
50448019	117
50012608	101
50015985	103
50013896	102
50448022	111
50050480	102
50012625	112
50015115	112
121460031	105
50015125	101
50015128	106
50001717	114
50023580	106
50090002	119
50017238	114
50012657	101
50022301	109
50016847	112
50012660	102
50022310	115
50018946	117
50002131	108
50021924	119
50021932	107
50010595	120
121476014	113
50013085	117
50005946	116
50005947	105
50012699	116
50008436	106
50014791	105
121364028	104
50005961	117
50000082	118
50011457	117
50022800	120
50023200	116
211702	120
211711	111
50011903	112
50011907	107
50598006	112
50017782	120
50008946	114
50018182	113
50022860	105
50018608	107
50004774	119
50023268	111
50023269	102
50004775	117
50004776	103
50022870	106
50018617	115
50011945	114
50004798	119
50021191	118
50012351	109
50022008	119
50019037	106
50021619	104
50006010	116
50006012	120
50006014	113
50009824	117
50009826	114
50024139	119
50010713	119
50010715	110
50016585	104
50014911	101
50017405	111
50012836	107
50012847	101
50492005	101
50011158	117
50014948	107
50022506	114
121472018	108
50001945	118
50004433	101
150708	109
50017466	110
121472030	106
50450004	117
50434002	106
50017486	112
50020460	118
50017906	107
50017493	107
50019594	116
333111	108
333114	111
50002800	106
50020903	108
50021302	110
50021309	107
50024681	113
50021311	101
50021312	110
50012068	111
121414043	113
50002832	103
50003242	106
50009524	120
50012508	105
50012097	112
50015887	118
50020959	111
50016714	120
140701	120
50016726	119
50002893	108
50002898	108
50020106	108
50018827	101
50020996	107
50017138	117
50016749	103
50019234	119
50021825	106
50022227	102
50006222	120
50003760	110
50003764	110
50018881	103
121478032	114
50011337	115
50019700	101
50456009	105
50013438	104
50021888	104
50020609	116
50017632	102
50005009	102
50021012	118
261205	101
50002535	107
50024811	113
50015563	119
50023120	108
50004638	101
50007122	107
50005030	103
50008824	101
230103	119
50021040	117
50018079	111
50023149	111
50021059	101
50015594	104
121410014	111
50004684	102
121484012	103
50021096	104
50050539	111
50016446	111
121468039	108
50013960	116
50023619	107
50021537	111
50446017	113
50003449	114
50013984	105
50011891	105
50012700	107
50010612	109
50010618	101
50014802	116
251203	105
50008045	102
50008048	110
50010625	111
50017307	102
50012725	107
50017316	110
50012733	115
50023674	114
50021585	102
50001813	113
50022416	114
50003935	110
